ex1data1 =

    6.11010   17.59200
    5.52770    9.13020
    8.51860   13.66200
    7.00320   11.85400
    5.85980    6.82330
    8.38290   11.88600
    7.47640    4.34830
    8.57810   12.00000
    6.48620    6.59870
    5.05460    3.81660
    5.71070    3.25220
   14.16400   15.50500
    5.73400    3.15510
    8.40840    7.22580
    5.64070    0.71618
    5.37940    3.51290
    6.36540    5.30480
    5.13010    0.56077
    6.42960    3.65180
    7.07080    5.38930
    6.18910    3.13860
   20.27000   21.76700
    5.49010    4.26300
    6.32610    5.18750
    5.56490    3.08250
   18.94500   22.63800
   12.82800   13.50100
   10.95700    7.04670
   13.17600   14.69200
   22.20300   24.14700
    5.25240   -1.22000
    6.58940    5.99660
    9.24820   12.13400
    5.89180    1.84950
    8.21110    6.54260
    7.93340    4.56230
    8.09590    4.11640
    5.60630    3.39280
   12.83600   10.11700
    6.35340    5.49740
    5.40690    0.55657
    6.88250    3.91150
   11.70800    5.38540
    5.77370    2.44060
    7.82470    6.73180
    7.09310    1.04630
    5.07020    5.13370
    5.80140    1.84400
   11.70000    8.00430
    5.54160    1.01790
    7.54020    6.75040
    5.30770    1.83960
    7.42390    4.28850
    7.60310    4.99810
    6.33280    1.42330
    6.35890   -1.42110
    6.27420    2.47560
    5.63970    4.60420
    9.31020    3.96240
    9.45360    5.41410
    8.82540    5.16940
    5.17930   -0.74279
   21.27900   17.92900
   14.90800   12.05400
   18.95900   17.05400
    7.21820    4.88520
    8.29510    5.74420
   10.23600    7.77540
    5.49940    1.01730
   20.34100   20.99200
   10.13600    6.67990
    7.33450    4.02590
    6.00620    1.27840
    7.22590    3.34110
    5.02690   -2.68070
    6.54790    0.29678
    7.53860    3.88450
    5.03650    5.70140
   10.27400    6.75260
    5.10770    2.05760
    5.72920    0.47953
    5.18840    0.20421
    6.35570    0.67861
    9.76870    7.54350
    6.51590    5.34360
    8.51720    4.24150
    9.18020    6.79810
    6.00200    0.92695
    5.52040    0.15200
    5.05940    2.82140
    5.70770    1.84510
    7.63660    4.29590
    5.87070    7.20290
    5.30540    1.98690
    8.29340    0.14454
   13.39400    9.05510
    5.43690    0.61705

